00020002000200020002000200020002000200020002000200020002000200020002000200020002000200020002000200020002000200020002000200020002000200020002000200020002000200020002000200020002000200020002000200020002000200020002000200020002000200020002000200020002000200020002000200020002000200020002000200020002000200020002000200020002
00020000000000000002000200020002000200020002000200020002000200020002000200020002000200020002000200020002000200020002000200020002000200020002000200020002000200020002000200020002000200020002000200020002000200020002000200020002000200020002000200020002000200020002000200020002000200020002000200020002000200020002000200020002
00020000000200000002000200020002000200020002000200020002000200020002000200020002000200020002000200020002000200020002000200020002000200020002000200020002000200020002000200020002000200020002000200020002000200020002000200020002000200020002000200020002000200020002000200020002000200020002000200020002000200020002000200020002
00020000000000000002000200020002000200020002000200020002000200020002000200020002000200020002000200020002000200020002000200020002000200020002000200020002000200020002000200020002000200020002000200020002000200020002000200020002000200020002000200020002000200020002000200020002000200020002000200020002000200020002000200020002
00020002000200020000000000000002000200020002000200020002000200020002000200020002000200020002000200020002000200020002000200020002000200020002000200020002000200020002000200020002000200020002000200020002000200020002000200020002000200020002000200020002000200020002000200020002000200020002000200020002000200020002000200020002
00020002000200020000000200000002000200020002000200020002000200020002000200020002000200020002000200020002000200020002000200020002000200020002000200020002000200020002000200020002000200020002000200020002000200020002000200020002000200020002000200020002000200020002000200020002000200020002000200020002000200020002000200020002
00020002000200020000000000000002000200020002000200020002000200020002000200020002000200020002000200020002000200020002000200020002000200020002000200020002000200020002000200020002000200020002000200020002000200020002000200020002000200020002000200020002000200020002000200020002000200020002000200020002000200020002000200020002
00020002000200020002000200020000000000000002000200020002000200020002000200020002000200020002000200020002000200020002000200020002000200020002000200020002000200020002000200020002000200020002000200020002000200020002000200020002000200020002000200020002000200020002000200020002000200020002000200020002000200020002000200020002
00020002000200020002000200020000000200000002000200020002000200020002000200020002000200020002000200020002000200020002000200020012000200020002000200020002000200020002000200020002000200020002000200020002000200020002000200020002000200020002000200020002000200020002000200020002000200020002000200020002000200020002000200020002
00020002000200020002000200020000000000000002000200020002000200020002000200020002000200020002000200020002000200020002000200020002000200020002000200020002000200020002000200020002000200020002000200020002000200020002000200020002000200020002000200020002000200020002000200020002000200020002000200020002000200020002000200020002
00020002000200020002000200020002000200020002000200020002000200020002000200020002000200020002000200020002000200020002000200020002000200020002000200020002000200020002000200020002000200020002000200020002000200020002000200020002000200020002000200020002000200020002000200020002000200020002000200020002000200020002000200020002
00020002000200020002000200020002000200020002000200020002000200020002000200020002000200020002000200020002000200020002000200020002000200020002000200020002000200020002000200020002000200020002000200020002000200020002000200020002000200020002000200020002000200020002000200020002000200020002000200020002000200020002000200020002
00020002000200020002000200020002000200020002000200020002000200020002000200020002000200020002000200020002000200020002000200020002000200020002000200020002000200020002000200020002000200020002000200020002000200020002000200020002000200020002000200020002000200020002000200020002000200020002000200020002000200020002000200020002
00020002000200020002000200020002000200020002000200020002000200020002000200020002000200020002000200020002000200020002000200020002000200020002000200020002000200020002000200020002000200020002000200020002000200020002000200020002000200020002000200020002000200020002000200020002000200020002000200020002000200020002000200020002
00020002000200020002000200020002000200020002000200020002000200020002000200020002000200020002000200020002000200020002000200020002000200020002000200020002000200020002000200020002000200020002000200020002000200020002000200020002000200020002000200020002000200020002000200020002000200020002000200020002000200020002000200020002
00020002000200020002000200020002000200020002000200020002000200020002000200020002000200020002000200020002000200020002000200020002000200020002000200020002000200020002000200020002000200020002000200020002000200020002000200020002000200020002000200020002000200020002000200020002000200020002000200020002000200020002000200020002
00020002000200020002000200020002000200020002000200020002000200020002000200020002000200020002000200020002000200020002000200020002000200020002000200020002000200020002000200020002000200020002000200020002000200020002000200020002000200020002000200020002000200020002000200020002000200020002000200020002000200020002000200020002
00020002000200020002000200020002000200020002000200020002000200020002000200020002000200020002000200020002000200020002000200020002000200020002000200020002000200020002000200020002000200020002000200020002000200020002000200020002000200020002000200020002000200020002000200020002000200020002000200020002000200020002000200020002
00020002000200020002000200020002000200020002000200020002000200020002000200020002000200020002000200020002000200020002000200020002000200020002000200020002000200020002000200020002000200020002000200020002000200020002000200020002000200020002000200020002000200020002000200020002000200020002000200020002000200020002000200020002
00020002000200020002000200020002000200020002000200020002000200020002000200020002000200020002000200020002000200020002000200020002000200020002000200020002000200020002000200020002000200020002000200020002000200020002000200020002000200020002000200020002000200020002000200020002000200020002000200020002000200020002000200020002
00150000000000010001000100010001000100010001000100010001000100010001000100010001000100010001000100010001000100010001000100010001000100010001000100010001000100010001000100010001000100010001000100010001000100010001000100010001000100010001000100010001000100010001000100010001000100010001000100010001000100010001000100010001
00000000000000000000000000000000000000000000000000000000000000000000000000000001000100000000000000000000000000000005000800080008000800080000000000000000000000010001000000000000000000000000000000000000000000000000000000000000000000000000000100010000000500050005000000050000000000050005000500050000000000000000000000000001
00000000001500000000000000000000000000000000000000000000000000000000000000000001000100000009000900000004000300000010001000080008000800080000000000000000000000010001000000000000000000000000000000000000000000000000000000000000000000000000000100010000000500000000000500050000000000000000000000050000000000000000000000000001
00000000000000000000000000000000000000000000000000000000000000000000000000000001000100000009000000000000000000000000000800080009000800100000000000000000000000010001000000000000000000000000000000000000000000000000000000000000000000000000000100010000000500050005000000050000000000000000000500000000000000000000000000000001
00000000000000000000000000000000000000000000000000040000000000000000000000000001000100000000000000000000000000000000000000080008000900000000000000000000000000010001000000000000000000000000000000000000000000000000000000000000000000000000000100010000000500000000000000050000000000000000000500000000000000000000000000000001
00000000001500000000001500000000000000000000000000000000000000000000000000000001000100000000000300030003000000000000000000000000000000000000000000000000000000010001000000000000000000000000000000000000000000000000000000000000000000000000000100010000000500000000000000050000000000000000000500000000000000000000000000000001
00000000000000000000000000000000000000000000000000000000000000000000000000000001000600000000000300030003400000000000000000000000000000000000000000000000000000010001000000000000000000000000000000000000000000000000000000000000000000000000000100010000000500000000000000050000000000000005000000000000000000000000000000000001
00010000000000000000000000000000000000000000000000000000000000000000000000000001000100000000000300030003000000000000000000000012001200120000000000000000000000010001000000000000000000000000000000000000000000000000000000000000000000000000000100010000000500000000000000050000000000000005000000000000000000000000000000000001
00010000000200000000000000000000000900000000000000000000000000000000000000000001000100070006000000040007000000030000000000000013001200120000000000000000000000010001000000000000000000000000000000000000000000000000000000000000000000000000000100010000000500000000000000050005000500050005000500050000000000000000000000000001
00010000000900000000000000000000000000000000000000000000000000000000000000000001000100000000000000040006000000050000001500000012001200120000000000000000000000010001000000000000000000000000000000000000000000000000000000000000000000000000000100010000000000000000000000000000000000000000000000000000000000000000000000000001
00010000000900000000000000000000000000000000000000000000000000000000000000000001000100000000000000040014000000100000000000000000000000000000000000000000000000010001000000000000000000000000000000000000000000000000000000000000000000000000000100010000000000000000000000000000000000000000000000000000000000000000000000000001
00010000000900000000000000000000000000000000000000000000000000000000000000000001000100000008000000030000000000000000000000000000000000000000000000000000000000010001000000000000000000000000000000000000000000000000000000000000000000000000000100010000000000000000000000000000000000000000000000000000000000000000000000000001
00010000000900000000000000000000000000000000000000000000000000000000000000000001000100000000000600040000000000030000000000000000000000000000000000000000000000010001000000000000000000000000000000000000000000000000000000000000000000000000000100010000000000000000000000000000000000000000000000000000000000000000000000000001
00010000000900000000000000000000000000000000000000000000000000000000000000000001000100080000001000000000000000110000000000000000000000000000000000000000000000010001000000000000000000000000000000000000000000000000000000000000000000000000000100010000000000000000000000000000000000000000000000000000000000000000000000000001
00010000000900000000000000000000000000000000000000000000000000000000000000000001000100000000000000070000000000110011001100000000000000000000000000000000000000010001000000000000000000000000000000000000000000000000000000000000000000000000000100010000000000000000000000000000000000000000000000000000000000000000000000000001
00010000000000000000000000000000000000000000000000000000000000000000000000000001000100000000000000000000000000000011001100000000000000000000000000000000000000010001000000000000000000000000000000000000000000000000000000000000000000000000000100010000000000000000000000000000000000000000000000000000000000000000000000000001
00010000000000000000000000000000000000000000000000000000000000000000000000000001000100000000000000000000000000000000000000000000000000000000000000000000000000010001000000000000000000000000000000000000000000000000000000000000000000000000000100010000000000000000000000000000000000000000000000000000000000000000000000000001
00010000000000000000000000000000000000000000000000000000000000000000000000000001000100000000000000000000000000000000000000000000000000000000000000000000000000010001000000000000000000000000000000000000000000000000000000000000000000000000000100010000000000000000000000000000000000000000000000000000000000000000000000000001
00010000000000000000000000000000000000000000000000000000000000000000000000000001000100000000000000000000000000000000000000000000000000000000000000000000000000010001000000000000000000000000000000000000000000000000000000000000000000000000000100010000000000000000000000000000000000000000000000000000000000000000000000000001
00010001000100010001000100010001000100010001000100010001000100010001000100010001000100010001000100010001000100010001000100010001000100010001000100010001000100010001000100010001000100010001000100010001000100010001000100010001000100010001000100010001000100010001000100010001000100010001000100010001000100010001000100010001
00000080
00000020
00000002